-0.000004
-0.000020
-0.000053
-0.000098
-0.000148
-0.000201
-0.000253
-0.000301
-0.000344
-0.000382
-0.000419
-0.000460
-0.000505
-0.000557
-0.000620
-0.000695
-0.000774
-0.000846
-0.000902
-0.000938
-0.000946
-0.000926
-0.000883
-0.000825
-0.000757
-0.000678
-0.000598
-0.000529
-0.000474
-0.000424
-0.000367
-0.000295
-0.000203
-0.000086
0.000065
0.000248
0.000449
0.000643
0.000805
0.000915
0.000962
0.000946
0.000868
0.000732
0.000553
0.000354
0.000162
-0.000010
-0.000163
-0.000301
-0.000418
-0.000509
-0.000566
-0.000585
-0.000562
-0.000496
-0.000391
-0.000260
-0.000122
0.000008
0.000115
0.000188
0.000219
0.000212
0.000180
0.000139
0.000095
0.000055
0.000030
0.000022
0.000028
0.000042
0.000058
0.000075
0.000084
0.000075
0.000037
-0.000030
-0.000120
-0.000216
-0.000304
-0.000380
-0.000442
-0.000489
-0.000512
-0.000507
-0.000474
-0.000417
-0.000337
-0.000233
-0.000097
0.000074
0.000271
0.000473
0.000663
0.000833
0.000978
0.001089
0.001157
0.001173
0.001127
0.001018
0.000854
0.000651
0.000422
0.000182
-0.000055
-0.000272
-0.000460
-0.000606
-0.000703
-0.000753
-0.000765
-0.000749
-0.000710
-0.000649
-0.000569
-0.000481
-0.000396
-0.000325
-0.000275
-0.000247
-0.000239
-0.000249
-0.000274
-0.000297
-0.000305
-0.000288
-0.000244
-0.000171
-0.000064
0.000073
0.000224
0.000373
0.000505
0.000616
0.000701
0.000754
0.000771
0.000754
0.000703
0.000625
0.000523
0.000400
0.000262
0.000118
-0.000026
-0.000167
-0.000298
-0.000414
-0.000509
-0.000584
-0.000642
-0.000678
-0.000685
-0.000663
-0.000617
-0.000549
-0.000455
-0.000333
-0.000191
-0.000046
0.000088
0.000209
0.000315
0.000405
0.000478
0.000533
0.000576
0.000611
0.000642
0.000663
0.000670
0.000666
0.000651
0.000622
0.000576
0.000513
0.000437
0.000352
0.000265
0.000171
0.000062
-0.000060
-0.000191
-0.000325
-0.000456
-0.000570
-0.000647
-0.000688
-0.000696
-0.000670
-0.000612
-0.000527
-0.000421
-0.000301
-0.000169
-0.000038
0.000077
0.000167
0.000233
0.000272
0.000277
0.000246
0.000184
0.000106
0.000025
-0.000047
-0.000109
-0.000167
-0.000215
-0.000242
-0.000238
-0.000210
-0.000171
-0.000132
-0.000094
-0.000051
-0.000000
0.000041
0.000054
0.000042
0.000021
0.000002
-0.000021
-0.000062
-0.000121
-0.000180
-0.000221
-0.000229
-0.000201
-0.000132
-0.000015
0.000150
0.000345
0.000539
0.000707
0.000829
0.000893
0.000895
0.000841
0.000744
0.000618
0.000474
0.000322
0.000170
0.000024
-0.000110
-0.000221
-0.000301
-0.000350
-0.000368
-0.000354
-0.000315
-0.000259
-0.000195
-0.000132
-0.000085
-0.000066
-0.000076
-0.000101
-0.000124
-0.000130
-0.000113
-0.000064
0.000021
0.000132
0.000250
0.000353
0.000430
0.000474
0.000483
0.000451
0.000376
0.000266
0.000130
-0.000033
-0.000220
-0.000417
-0.000599
-0.000747
-0.000855
-0.000931
-0.000972
-0.000975
-0.000935
-0.000847
-0.000719
-0.000564
-0.000389
-0.000190
0.000023
0.000233
0.000417
0.000563
0.000669
0.000737
0.000762
0.000742
0.000679
0.000585
0.000484
0.000396
0.000327
0.000271
0.000223
0.000186
0.000157
0.000128
0.000098
0.000070
0.000048
0.000034
0.000023
0.000008
-0.000017
-0.000045
-0.000058
-0.000044
-0.000015
0.000011
0.000033
0.000057
0.000089
0.000124
0.000157
0.000190
0.000229
0.000274
0.000319
0.000348
0.000353
0.000331
0.000293
0.000244
0.000178
0.000095
0.000008
-0.000067
-0.000123
-0.000162
-0.000185
-0.000198
-0.000205
-0.000208
-0.000206
-0.000202
-0.000201
-0.000209
-0.000229
-0.000260
-0.000304
-0.000358
-0.000412
-0.000454
-0.000472
-0.000464
-0.000428
-0.000358
-0.000253
-0.000126
-0.000001
0.000102
0.000174
0.000217
0.000231
0.000214
0.000171
0.000120
0.000076
0.000050
0.000045
0.000058
0.000088
0.000130
0.000178
0.000230
0.000284
0.000337
0.000383
0.000420
0.000449
0.000464
0.000454
0.000412
0.000347
0.000267
0.000171
0.000067
-0.000035
-0.000125
-0.000199
-0.000253
-0.000283
-0.000287
-0.000267
-0.000228
-0.000175
-0.000114
-0.000054
-0.000006
0.000021
0.000024
0.000012
-0.000008
-0.000031
-0.000058
-0.000081
-0.000087
-0.000068
-0.000027
0.000029
0.000102
0.000194
0.000304
0.000422
0.000535
0.000640
0.000729
0.000793
0.000824
0.000811
0.000748
0.000637
0.000474
0.000256
-0.000009
-0.000300
-0.000594
-0.000871
-0.001112
-0.001303
-0.001430
-0.001484
-0.001463
-0.001372
-0.001219
-0.001008
-0.000746
-0.000441
-0.000115
0.000208
0.000505
0.000763
0.000979
0.001150
0.001270
0.001334
0.001344
0.001311
0.001239
0.001124
0.000969
0.000786
0.000587
0.000393
0.000214
0.000057
-0.000074
-0.000176
-0.000254
-0.000323
-0.000393
-0.000466
-0.000543
-0.000619
-0.000682
-0.000723
-0.000742
-0.000746
-0.000739
-0.000720
-0.000684
-0.000627
-0.000550
-0.000455
-0.000337
-0.000193
-0.000030
0.000141
0.000304
0.000453
0.000579
0.000672
0.000729
0.000751
0.000742
0.000707
0.000651
0.000578
0.000488
0.000387
0.000282
0.000179
0.000078
-0.000024
-0.000118
-0.000199
-0.000275
-0.000348
-0.000409
-0.000452
-0.000482
-0.000513
-0.000545
-0.000560
-0.000544
-0.000505
-0.000456
-0.000389
-0.000288
-0.000150
0.000009
0.000171
0.000332
0.000493
0.000651
0.000790
0.000887
0.000933
0.000930
0.000893
0.000826
0.000727
0.000601
0.000456
0.000302
0.000143
-0.000019
-0.000176
-0.000324
-0.000461
-0.000579
-0.000664
-0.000704
-0.000698
-0.000654
-0.000579
-0.000485
-0.000386
-0.000292
-0.000206
-0.000132
-0.000078
-0.000038
0.000001
0.000047
0.000102
0.000160
0.000214
0.000254
0.000276
0.000281
0.000272
0.000250
0.000217
0.000180
0.000138
0.000087
0.000030
-0.000034
-0.000107
-0.000193
-0.000293
-0.000402
-0.000509
-0.000608
-0.000694
-0.000753
-0.000771
-0.000749
-0.000693
-0.000609
-0.000494
-0.000349
-0.000189
-0.000035
0.000106
0.000239
0.000364
0.000475
0.000566
0.000639
0.000692
0.000722
0.000734
0.000739
0.000740
0.000733
0.000712
0.000676
0.000625
0.000549
0.000438
0.000289
0.000101
-0.000116
-0.000348
-0.000581
-0.000800
-0.000981
-0.001099
-0.001143
-0.001118
-0.001027
-0.000878
-0.000682
-0.000450
-0.000195
0.000067
0.000318
0.000542
0.000727
0.000868
0.000960
0.001006
0.001002
0.000954
0.000876
0.000775
0.000657
0.000527
0.000392
0.000254
0.000113
-0.000034
-0.000186
-0.000345
-0.000510
-0.000673
-0.000827
-0.000971
-0.001105
-0.001227
-0.001331
-0.001406
-0.001442
-0.001436
-0.001378
-0.001257
-0.001065
-0.000808
-0.000499
-0.000160
0.000193
0.000551
0.000895
0.001198
0.001435
0.001599
0.001697
0.001727
0.001679
0.001552
0.001356
0.001110
0.000833
0.000532
0.000211
-0.000122
-0.000445
-0.000738
-0.000985
-0.001181
-0.001321
-0.001402
-0.001420
-0.001369
-0.001254
-0.001089
-0.000892
-0.000678
-0.000460
-0.000248
-0.000044
0.000150
0.000331
0.000497
0.000652
0.000796
0.000920
0.001010
0.001061
0.001066
0.001015
0.000904
0.000742
0.000547
0.000337
0.000121
-0.000090
-0.000285
-0.000448
-0.000571
-0.000651
-0.000690
-0.000688
-0.000661
-0.000630
-0.000600
-0.000566
-0.000528
-0.000492
-0.000460
-0.000423
-0.000375
-0.000318
-0.000257
-0.000199
-0.000144
-0.000090
-0.000039
0.000011
0.000068
0.000131
0.000192
0.000242
0.000289
0.000344
0.000404
0.000456
0.000488
0.000492
0.000465
0.000404
0.000308
0.000186
0.000050
-0.000087
-0.000220
-0.000344
-0.000452
-0.000535
-0.000586
-0.000603
-0.000578
-0.000507
-0.000389
-0.000233
-0.000047
0.000165
0.000396
0.000622
0.000822
0.000982
0.001093
0.001150
0.001155
0.001106
0.001005
0.000864
0.000692
0.000499
0.000289
0.000069
-0.000155
-0.000375
-0.000576
-0.000743
-0.000872
-0.000965
-0.001015
-0.001016
-0.000969
-0.000886
-0.000777
-0.000641
-0.000473
-0.000285
-0.000104
0.000044
0.000151
0.000222
0.000260
0.000266
0.000250
0.000224
0.000197
0.000172
0.000156
0.000151
0.000159
0.000179
0.000203
0.000222
0.000234
0.000241
0.000240
0.000223
0.000183
0.000128
0.000065
-0.000007
-0.000087
-0.000163
-0.000228
-0.000268
-0.000274
-0.000246
-0.000188
-0.000110
-0.000022
0.000062
0.000128
0.000172
0.000202
0.000219
0.000214
0.000183
0.000135
0.000081
0.000024
-0.000035
-0.000094
-0.000148
-0.000193
-0.000227
-0.000245
-0.000246
-0.000228
-0.000189
-0.000123
-0.000031
0.000076
0.000186
0.000292
0.000393
0.000494
0.000600
0.000709
0.000815
0.000906
0.000974
0.001015
0.001025
0.000995
0.000915
0.000789
0.000634
0.000464
0.000288
0.000105
-0.000089
-0.000293
-0.000504
-0.000717
-0.000930
-0.001136
-0.001309
-0.001424
-0.001473
-0.001459
-0.001381
-0.001239
-0.001046
-0.000816
-0.000564
-0.000299
-0.000025
0.000242
0.000486
0.000701
0.000885
0.001037
0.001156
0.001239
0.001286
0.001300
0.001284
0.001235
0.001155
0.001045
0.000906
0.000746
0.000585
0.000430
0.000278
0.000125
-0.000034
-0.000207
-0.000401
-0.000613
-0.000835
-0.001055
-0.001255
-0.001421
-0.001538
-0.001597
-0.001600
-0.001546
-0.001433
-0.001260
-0.001035
-0.000769
-0.000475
-0.000171
0.000129
0.000415
0.000682
0.000926
0.001150
0.001354
0.001536
0.001684
0.001784
0.001829
0.001820
0.001753
0.001630
0.001463
0.001259
0.001025
0.000766
0.000479
0.000170
-0.000150
-0.000471
-0.000781
-0.001070
-0.001321
-0.001516
-0.001641
-0.001691
-0.001676
-0.001605
-0.001483
-0.001309
-0.001087
-0.000827
-0.000551
-0.000274
-0.000006
0.000245
0.000474
0.000679
0.000861
0.001024
0.001175
0.001313
0.001427
0.001505
0.001544
0.001543
0.001492
0.001386
0.001233
0.001048
0.000839
0.000610
0.000362
0.000106
-0.000139
-0.000361
-0.000563
-0.000751
-0.000920
-0.001061
-0.001176
-0.001273
-0.001358
-0.001421
-0.001446
-0.001419
-0.001336
-0.001195
-0.000998
-0.000749
-0.000458
-0.000145
0.000166
0.000462
0.000730
0.000960
0.001148
0.001292
0.001389
0.001437
0.001439
0.001402
0.001334
0.001240
0.001123
0.000991
0.000851
0.000710
0.000574
0.000442
0.000310
0.000176
0.000043
-0.000089
-0.000227
-0.000381
-0.000559
-0.000752
-0.000951
-0.001144
-0.001318
-0.001460
-0.001547
-0.001564
-0.001508
-0.001392
-0.001226
-0.001007
-0.000735
-0.000423
-0.000086
0.000265
0.000614
0.000945
0.001238
0.001483
0.001674
0.001800
0.001858
0.001855
0.001796
0.001687
0.001532
0.001338
0.001115
0.000875
0.000626
0.000378
0.000138
-0.000088
-0.000300
-0.000498
-0.000677
-0.000823
-0.000929
-0.001001
-0.001047
-0.001075
-0.001083
-0.001073
-0.001044
-0.000995
-0.000920
-0.000818
-0.000696
-0.000560
-0.000411
-0.000249
-0.000077
0.000099
0.000275
0.000450
0.000629
0.000809
0.000980
0.001128
0.001243
0.001316
0.001337
0.001311
0.001248
0.001158
0.001046
0.000910
0.000753
0.000586
0.000421
0.000260
0.000100
-0.000059
-0.000213
-0.000359
-0.000492
-0.000608
-0.000714
-0.000819
-0.000925
-0.001021
-0.001093
-0.001134
-0.001145
-0.001131
-0.001090
-0.001018
-0.000907
-0.000757
-0.000577
-0.000378
-0.000166
0.000064
0.000316
0.000577
0.000832
0.001069
0.001286
0.001479
0.001636
0.001741
0.001778
0.001743
0.001653
0.001520
0.001343
0.001118
0.000853
0.000565
0.000271
-0.000015
-0.000284
-0.000532
-0.000756
-0.000953
-0.001113
-0.001234
-0.001313
-0.001344
-0.001322
-0.001250
-0.001139
-0.000995
-0.000827
-0.000643
-0.000443
-0.000233
-0.000025
0.000174
0.000365
0.000548
0.000718
0.000861
0.000965
0.001028
0.001055
0.001051
0.001019
0.000964
0.000898
0.000831
0.000769
0.000708
0.000644
0.000579
0.000517
0.000460
0.000396
0.000312
0.000204
0.000077
-0.000070
-0.000241
-0.000433
-0.000635
-0.000829
-0.001008
-0.001166
-0.001286
-0.001356
-0.001372
-0.001343
-0.001275
-0.001172
-0.001029
-0.000845
-0.000625
-0.000373
-0.000096
0.000201
0.000510
0.000817
0.001119
0.001412
0.001686
0.001913
0.002070
0.002145
0.002144
0.002071
0.001924
0.001701
0.001410
0.001072
0.000710
0.000328
-0.000065
-0.000454
-0.000823
-0.001157
-0.001443
-0.001678
-0.001870
-0.002040
-0.002253
-0.002658
-0.003493
-0.005031
-0.007501
-0.011007
-0.015466
-0.020599
-0.025952
-0.030960
-0.035057
-0.037836
-0.039116
-0.038869
-0.037143
-0.034097
-0.030065
-0.025569
-0.021274
-0.017832
-0.015625
-0.014644
-0.014613
-0.015183
-0.015988
-0.016616
-0.016636
-0.015667
-0.013448
-0.009929
-0.005208
0.000639
0.007650
0.015865
0.025146
0.034985
0.044423
0.052273
0.057592
0.060117
0.060399
0.059527
0.058623
0.058392
0.058945
0.059930
0.060793
0.060968
0.059970
0.057545
0.053912
0.049720
0.045629
0.041969
0.038691
0.035450
0.031700
0.026847
0.020506
0.012719
0.003884
-0.005585
-0.015472
-0.025586
-0.035537
-0.044690
-0.052288
-0.057673
-0.060649
-0.061677
-0.061549
-0.060859
-0.059844
-0.058498
-0.056679
-0.054294
-0.051454
-0.048346
-0.044933
-0.040944
-0.036107
-0.030342
-0.023827
-0.016992
-0.010388
-0.004460
0.000660
0.005135
0.009236
0.013191
0.017192
0.021371
0.025664
0.029772
0.033343
0.036148
0.038087
0.039161
0.039497
0.039343
0.038855
0.037809
0.035723
0.032301
0.027756
0.022791
0.018327
0.015068
0.013095
0.011830
0.010476
0.008519
0.005817
0.002465
-0.001232
-0.004791
-0.007759
-0.009850
-0.010903
-0.010928
-0.010263
-0.009569
-0.009497
-0.010310
-0.011847
-0.013774
-0.015778
-0.017602
-0.019017
-0.019773
-0.019622
-0.018537
-0.016815
-0.014778
-0.012442
-0.009626
-0.006318
-0.002865
0.000141
0.002141
0.002868
0.002344
0.000688
-0.002049
-0.005783
-0.010064
-0.013992
-0.016680
-0.017763
-0.017355
-0.015657
-0.012771
-0.008793
-0.003936
0.001475
0.007047
0.012242
0.016382
0.018920
0.019680
0.018861
0.016920
0.014458
0.012069
0.010122
0.008693
0.007671
0.006884
0.006225
0.005801
0.005874
0.006511
0.007361
0.007879
0.007686
0.006685
0.004944
0.002486
-0.000823
-0.005133
-0.010318
-0.015872
-0.021071
-0.025207
-0.027724
-0.028244
-0.026616
-0.023033
-0.018021
-0.012331
-0.006808
-0.002292
0.000608
0.001671
0.000985
-0.001175
-0.004345
-0.007863
-0.011006
-0.013187
-0.014098
-0.013727
-0.012231
-0.009765
-0.006401
-0.002218
0.002485
0.007071
0.010720
0.012719
0.012762
0.011114
0.008517
0.005820
0.003570
0.001885
0.000647
-0.000250
-0.000801
-0.000930
-0.000616
-0.000000
0.000620
0.000895
0.000582
-0.000410
-0.002014
-0.003977
-0.005887
-0.007388
-0.008385
-0.008963
-0.009092
-0.008529
-0.006987
-0.004368
-0.000853
0.003123
0.006991
0.010230
0.012543
0.013815
0.013918
0.012664
0.010065
0.006537
0.002761
-0.000664
-0.003422
-0.005429
-0.006702
-0.007351
-0.007601
-0.007700
-0.007773
-0.007729
-0.007319
-0.006362
-0.004910
-0.003193
-0.001454
0.000187
0.001766
0.003375
0.004993
0.006445
0.007573
0.008449
0.009379
0.010673
0.012418
0.014452
0.016532
0.018457
0.020059
0.021239
0.022001
0.022338
0.022132
0.021194
0.019423
0.016948
0.014127
0.011394
0.009050
0.007219
0.005945
0.005238
0.004992
0.004937
0.004749
0.004230
0.003385
0.002309
0.001018
-0.000572
-0.002534
-0.004851
-0.007474
-0.010372
-0.013438
-0.016387
-0.018826
-0.020409
-0.020928
-0.020357
-0.018864
-0.016806
-0.014626
-0.012665
-0.011007
-0.009488
-0.007826
-0.005783
-0.003261
-0.000347
0.002728
0.005695
0.008410
0.010939
0.013540
0.016518
0.019953
0.023535
0.026693
0.028907
0.029898
0.029590
0.028000
0.025230
0.021537
0.017362
0.013245
0.009651
0.006851
0.004930
0.003854
0.003508
0.003691
0.004156
0.004647
0.004902
0.004686
0.003846
0.002286
-0.000102
-0.003415
-0.007653
-0.012635
-0.018031
-0.023468
-0.028592
-0.033075
-0.036660
-0.039218
-0.040747
-0.041344
-0.041197
-0.040569
-0.039720
-0.038810
-0.037860
-0.036812
-0.035606
-0.034194
-0.032493
-0.030349
-0.027599
-0.024161
-0.020069
-0.015466
-0.010551
-0.005505
-0.000439
0.004579
0.009465
0.014089
0.018278
0.021874
0.024790
0.027020
0.028621
0.029702
0.030395
0.030826
0.031065
0.031092
0.030790
0.030035
0.028781
0.027073
0.024985
0.022573
0.019869
0.016862
0.013498
0.009725
0.005551
0.001096
-0.003374
-0.007471
-0.010804
-0.013120
-0.014341
-0.014534
-0.013899
-0.012744
-0.011422
-0.010229
-0.009328
-0.008689
-0.008088
-0.007215
-0.005824
-0.003857
-0.001459
0.001128
0.003694
0.006077
0.008119
0.009669
0.010647
0.011076
0.011057
0.010723
0.010219
0.009705
0.009341
0.009229
0.009318
0.009380
0.009112
0.008286
0.006823
0.004793
0.002383
-0.000150
-0.002533
-0.004530
-0.005964
-0.006710
-0.006692
-0.005906
-0.004443
-0.002520
-0.000473
0.001336
0.002640
0.003355
0.003563
0.003424
0.003087
0.002649
0.002156
0.001646
0.001185
0.000867
0.000765
0.000908
0.001276
0.001793
0.002350
0.002840
0.003178
0.003298
0.003158
0.002753
0.002107
0.001244
0.000180
-0.001061
-0.002465
-0.004009
-0.005633
-0.007231
-0.008676
-0.009848
-0.010642
-0.010988
-0.010885
-0.010426
-0.009743
-0.008931
-0.008048
-0.007171
-0.006439
-0.006016
-0.006012
-0.006449
-0.007255
-0.008289
-0.009396
-0.010455
-0.011362
-0.011991
-0.012199
-0.011895
-0.011094
-0.009899
-0.008441
-0.006826
-0.005136
-0.003459
-0.001897
-0.000550
0.000532
0.001401
0.002198
0.003055
0.004012
0.005025
0.006036
0.006986
0.007782
0.008299
0.008441
0.008203
0.007705
0.007161
0.006785
0.006727
0.007048
0.007721
0.008633
0.009618
0.010519
0.011222
0.011659
0.011799
0.011648
0.011225
0.010567
0.009717
0.008711
0.007583
0.006363
0.005082
0.003787
0.002546
0.001450
0.000591
0.000041
-0.000142
0.000064
0.000608
0.001361
0.002155
0.002831
0.003257
0.003333
0.003006
0.002282
0.001214
-0.000139
-0.001717
-0.003434
-0.005142
-0.006630
-0.007669
-0.008079
-0.007764
-0.006732
-0.005119
-0.003208
-0.001389
-0.000046
0.000569
0.000354
-0.000662
-0.002359
-0.004531
-0.006912
-0.009184
-0.011029
-0.012203
-0.012577
-0.012130
-0.010902
-0.008974
-0.006498
-0.003724
-0.000957
0.001509
0.003433
0.004649
0.005076
0.004735
0.003753
0.002312
0.000586
-0.001319
-0.003347
-0.005458
-0.007582
-0.009592
-0.011350
-0.012748
-0.013734
-0.014278
-0.014347
-0.013886
-0.012835
-0.011158
-0.008893
-0.006177
-0.003223
-0.000249
0.002581
0.005182
0.007558
0.009741
0.011710
0.013356
0.014528
0.015094
0.014996
0.014254
0.012946
0.011195
0.009166
0.007051
0.005042
0.003300
0.001950
0.001057
0.000616
0.000557
0.000778
0.001181
0.001705
0.002349
0.003154
0.004143
0.005275
0.006470
0.007660
0.008819
0.009954
0.011063
0.012091
0.012933
0.013458
0.013554
0.013139
0.012162
0.010630
0.008630
0.006306
0.003812
0.001286
-0.001155
-0.003405
-0.005382
-0.007041
-0.008370
-0.009392
-0.010175
-0.010810
-0.011384
-0.011959
-0.012575
-0.013259
-0.014013
-0.014821
-0.015650
-0.016432
-0.017084
-0.017548
-0.017820
-0.017910
-0.017804
-0.017453
-0.016792
-0.015764
-0.014339
-0.012534
-0.010406
-0.008042
-0.005521
-0.002899
-0.000196
0.002586
0.005422
0.008243
0.010951
0.013434
0.015600
0.017383
0.018743
0.019678
0.020224
0.020425
0.020298
0.019819
0.018948
0.017664
0.015991
0.014012
0.011846
0.009606
0.007381
0.005209
0.003063
0.000867
-0.001452
-0.003917
-0.006486
-0.009061
-0.011491
-0.013596
-0.015213
-0.016235
-0.016633
-0.016456
-0.015788
-0.014676
-0.013114
-0.011081
-0.008582
-0.005680
-0.002504
0.000737
0.003781
0.006362
0.008278
0.009432
0.009823
0.009538
0.008708
0.007468
0.005926
0.004173
0.002301
0.000411
-0.001385
-0.002979
-0.004274
-0.005200
-0.005730
-0.005892
-0.005745
-0.005345
-0.004735
-0.003931
-0.002924
-0.001699
-0.000257
0.001370
0.003106
0.004837
0.006433
0.007781
0.008818
0.009535
0.009978
0.010239
0.010418
0.010576
0.010721
0.010810
0.010777
0.010573
0.010187
0.009644
0.008963
0.008124
0.007073
0.005743
0.004081
0.002070
-0.000275
-0.002912
-0.005774
-0.008759
-0.011741
-0.014594
-0.017195
-0.019421
-0.021148
-0.022269
-0.022714
-0.022467
-0.021556
-0.020055
-0.018080
-0.015768
-0.013236
-0.010574
-0.007845
-0.005081
-0.002295
0.000499
0.003252
0.005863
0.008195
0.010106
0.011493
0.012325
0.012648
0.012544
0.012091
0.011354
0.010386
0.009233
0.007939
0.006550
0.005104
0.003641
0.002202
0.000821
-0.000486
-0.001714
-0.002872
-0.003974
-0.005027
-0.006034
-0.006987
-0.007885
-0.008737
-0.009557
-0.010348
-0.011094
-0.011755
-0.012289
-0.012657
-0.012822
-0.012748
-0.012392
-0.011709
-0.010668
-0.009264
-0.007529
-0.005545
-0.003439
-0.001357
0.000590
0.002341
0.003883
0.005233
0.006416
0.007455
0.008363
0.009159
0.009889
0.010620
0.011410
0.012280
0.013195
0.014076
0.014834
0.015387
0.015650
0.015552
0.015065
0.014229
0.013132
0.011879
0.010578
0.009325
0.008174
0.007120
0.006090
0.004993
0.003757
0.002354
0.000803
-0.000824
-0.002405
-0.003808
-0.004947
-0.005801
-0.006409
-0.006842
-0.007180
-0.007502
-0.007873
-0.008322
-0.008835
-0.009372
-0.009890
-0.010352
-0.010715
-0.010928
-0.010931
-0.010666
-0.010091
-0.009188
-0.007985
-0.006542
-0.004924
-0.003181
-0.001347
0.000537
0.002406
0.004173
0.005743
0.007018
0.007907
0.008335
0.008268
0.007735
0.006810
0.005587
0.004171
0.002677
0.001211
-0.000136
-0.001303
-0.002248
-0.002945
-0.003390
-0.003596
-0.003585
-0.003378
-0.002999
-0.002483
-0.001881
-0.001255
-0.000664
-0.000158
0.000228
0.000490
0.000644
0.000718
0.000753
0.000797
0.000912
0.001148
0.001534
0.002077
0.002765
0.003567
0.004430
0.005284
0.006054
0.006666
0.007048
0.007130
0.006859
0.006215
0.005212
0.003886
0.002304
0.000575
-0.001165
-0.002769
-0.004106
-0.005076
-0.005632
-0.005796
-0.005662
-0.005363
-0.005032
-0.004768
-0.004628
-0.004613
-0.004688
-0.004819
-0.004996
-0.005240
-0.005583
-0.006048
-0.006625
-0.007270
-0.007919
-0.008504
-0.008965
-0.009259
-0.009366
-0.009302
-0.009123
-0.008904
-0.008707
-0.008577
-0.008544
-0.008625
-0.008828
-0.009150
-0.009589
-0.010135
-0.010755
-0.011385
-0.011941
-0.012326
-0.012442
-0.012187
-0.011478
-0.010269
-0.008565
-0.006396
-0.003812
-0.000886
0.002282
0.005575
0.008873
0.012053
0.014993
0.017588
0.019770
0.021506
0.022807
0.023737
0.024401
0.024920
0.025410
0.025974
0.026705
0.027672
0.028910
0.030415
0.032142
0.034020
0.035963
0.037872
0.039645
0.041191
0.042436
0.043328
0.043824
0.043893
0.043530
0.042767
0.041641
0.040164
0.038329
0.036116
0.033510
0.030499
0.027083
0.023279
0.019122
0.014669
0.010003
0.005244
0.000544
-0.003921
-0.007972
-0.011436
-0.014170
-0.016089
-0.017170
-0.017456
-0.017046
-0.016079
-0.014716
-0.013116
-0.011424
-0.009744
-0.008148
-0.006701
-0.005474
-0.004539
-0.003961
-0.003810
-0.004160
-0.005099
-0.006721
-0.009112
-0.012327
-0.016373
-0.021209
-0.026744
-0.032840
-0.039320
-0.045988
-0.052635
-0.059051
-0.065031
-0.070388
-0.074954
-0.078597
-0.081206
-0.082700
-0.083027
-0.082174
-0.080180
-0.077123
-0.073123
-0.068316
-0.062832
-0.056787
-0.050277
-0.043384
-0.036190
-0.028777
-0.021229
-0.013620
-0.006013
0.001534
0.008970
0.016262
0.023383
0.030301
0.036984
0.043380
0.049420
0.055024
0.060113
0.064597
0.068382
0.071381
0.073530
0.074790
0.075142
0.074596
0.073185
0.070961
0.067975
0.064276
0.059919
0.054979
0.049541
0.043704
0.037565
0.031211
0.024719
0.018178
0.011694
0.005379
-0.000663
-0.006342
-0.011569
-0.016259
-0.020342
-0.023777
-0.026554
-0.028698
-0.030262
-0.031307
-0.031905
-0.032121
-0.032001
-0.031577
-0.030871
-0.029899
-0.028677
-0.027211
-0.025495
-0.023528
-0.021331
-0.018951
-0.016447
-0.013885
-0.011329
-0.008846
-0.006513
-0.004412
-0.002616
-0.001191
-0.000204
0.000285
0.000246
-0.000319
-0.001376
-0.002871
-0.004728
-0.006860
-0.009171
-0.011573
-0.013985
-0.016337
-0.018570
-0.020632
-0.022466
-0.024006
-0.025185
-0.025944
-0.026231
-0.026009
-0.025269
-0.024038
-0.022393
-0.020452
-0.018371
-0.016317
-0.014432
-0.012799
-0.011436
-0.010301
-0.009288
-0.008238
-0.006955
-0.005248
-0.002967
-0.000018
0.003634
0.007965
0.012889
0.018270
0.023933
0.029697
0.035378
0.040794
0.045765
0.050117
0.053703
0.056392
0.058074
0.058669
0.058141
0.056500
0.053814
0.050204
0.045833
0.040891
0.035572
0.030062
0.024541
0.019178
0.014142
0.009576
0.005595
0.002286
-0.000292
-0.002122
-0.003240
-0.003733
-0.003713
-0.003297
-0.002589
-0.001680
-0.000631
0.000537
0.001828
0.003272
0.004914
0.006809
0.009001
0.011514
0.014359
0.017522
0.020945
0.024539
0.028197
0.031806
0.035253
0.038421
0.041216
0.043590
0.045539
0.047089
0.048277
0.049148
0.049742
0.050070
0.050105
0.049799
0.049101
0.047972
0.046385
0.044333
0.041830
0.038912
0.035619
0.031986
0.028044
0.023830
0.019387
0.014761
0.010001
0.005169
0.000338
-0.004425
-0.009057
-0.013513
-0.017777
-0.021856
-0.025764
-0.029530
-0.033182
-0.036750
-0.040251
-0.043690
-0.047070
-0.050389
-0.053635
-0.056781
-0.059791
-0.062621
-0.065228
-0.067569
-0.069606
-0.071313
-0.072682
-0.073718
-0.074443
-0.074896
-0.075118
-0.075152
-0.075025
-0.074767
-0.074408
-0.073966
-0.073433
-0.072779
-0.071963
-0.070936
-0.069659
-0.068109
-0.066288
-0.064224
-0.061978
-0.059634
-0.057299
-0.055088
-0.053091
-0.051365
-0.049951
-0.048868
-0.048104
-0.047615
-0.047351
-0.047271
-0.047343
-0.047535
-0.047807
-0.048118
-0.048430
-0.048709
-0.048915
-0.048999
-0.048908
-0.048597
-0.048021
-0.047137
-0.045907
-0.044289
-0.042236
-0.039719
-0.036739
-0.033337
-0.029576
-0.025536
-0.021305
-0.016970
-0.012593
-0.008185
-0.003708
0.000914
0.005771
0.010937
0.016455
0.022330
0.028529
0.034972
0.041533
0.048057
0.054377
0.060327
0.065740
0.070461
0.074347
0.077275
0.079160
0.079965
0.079719
0.078516
0.076507
0.073891
0.070892
0.067722
0.064570
0.061587
0.058893
0.056574
0.054683
0.053240
0.052232
0.051622
0.051365
0.051404
0.051674
0.052103
0.052620
0.053164
0.053670
0.054072
0.054326
0.054409
0.054312
0.054023
0.053539
0.052869
0.052028
0.051034
0.049918
0.048721
0.047482
0.046243
0.045040
0.043910
0.042887
0.041998
0.041259
0.040670
0.040206
0.039834
0.039518
0.039215
0.038856
0.038352
0.037611
0.036556
0.035127
0.033278
0.030992
0.028296
0.025251
0.021932
0.018421
0.014793
0.011115
0.007454
0.003879
0.000459
-0.002731
-0.005615
-0.008121
-0.010192
-0.011814
-0.013033
-0.013952
-0.014716
-0.015515
-0.016572
-0.018115
-0.020332
-0.023342
-0.027186
-0.031828
-0.037164
-0.043034
-0.049244
-0.055577
-0.061808
-0.067726
-0.073153
-0.077959
-0.082063
-0.085438
-0.088096
-0.090084
-0.091472
-0.092330
-0.092714
-0.092650
-0.092134
-0.091139
-0.089627
-0.087564
-0.084937
-0.081763
-0.078100
-0.074028
-0.069646
-0.065053
-0.060337
-0.055569
-0.050792
-0.046014
-0.041213
-0.036358
-0.031419
-0.026363
-0.021139
-0.015694
-0.009981
-0.003978
0.002296
0.008796
0.015486
0.022331
0.029265
0.036222
0.043177
0.050133
0.057091
0.064028
0.070929
0.077781
0.084532
0.091092
0.097362
0.103250
0.108654
0.113454
0.117552
0.120895
0.123453
0.125200
0.126128
0.126263
0.125650
0.124339
0.122402
0.119939
0.117054
0.113834
0.110357
0.106710
0.102979
0.099225
0.095491
0.091805
0.088179
0.084600
0.081024
0.077379
0.073576
0.069523
0.065124
0.060290
0.054953
0.049064
0.042601
0.035564
0.027973
0.019878
0.011353
0.002474
-0.006691
-0.016088
-0.025680
-0.035434
-0.045313
-0.055276
-0.065271
-0.075244
-0.085140
-0.094910
-0.104492
-0.113809
-0.122776
-0.131322
-0.139406
-0.146998
-0.154040
-0.160465
-0.166199
-0.171145
-0.175195
-0.178265
-0.180322
-0.181381
-0.181505
-0.180802
-0.179427
-0.177568
-0.175425
-0.173174
-0.170956
-0.168867
-0.166946
-0.165167
-0.163434
-0.161597
-0.159463
-0.156821
-0.153466
-0.149215
-0.143910
-0.137446
-0.129784
-0.120955
-0.111040
-0.100144
-0.088364
-0.075795
-0.062537
-0.048691
-0.034336
-0.019528
-0.004309
0.011287
0.027243
0.043552
0.060212
0.077200
0.094464
0.111908
0.129397
0.146774
0.163872
0.180505
0.196476
0.211601
0.225718
0.238682
0.250359
0.260635
0.269424
0.276675
0.282369
0.286514
0.289140
0.290295
0.290035
0.288419
0.285504
0.281332
0.275926
0.269299
0.261460
0.252421
0.242196
0.230810
0.218306
0.204738
0.190181
0.174739
0.158556
0.141824
0.124745
0.107514
0.090310
0.073303
0.056632
0.040399
0.024664
0.009443
-0.005279
-0.019539
-0.033393
-0.046905
-0.060137
-0.073150
-0.086011
-0.098779
-0.111500
-0.124201
-0.136903
-0.149631
-0.162434
-0.175387
-0.188588
-0.202146
-0.216164
-0.230712
-0.245810
-0.261410
-0.277387
-0.293535
-0.309564
-0.325126
-0.339845
-0.353318
-0.365127
-0.374869
-0.382182
-0.386770
-0.388410
-0.386971
-0.382432
-0.374880
-0.364515
-0.351637
-0.336622
-0.319886
-0.301845
-0.282874
-0.263252
-0.243142
-0.222605
-0.201611
-0.180040
-0.157710
-0.134439
-0.110074
-0.084513
-0.057712
-0.029703
-0.000622
0.029281
0.059665
0.090125
0.120225
0.149533
0.177644
0.204226
0.229046
0.251980
0.273005
0.292180
0.309629
0.325508
0.339975
0.353180
0.365251
0.376292
0.386385
0.395579
0.403889
0.411303
0.417791
0.423300
0.427758
0.431097
0.433250
0.434126
0.433622
0.431615
0.427965
0.422506
0.415060
0.405466
0.393597
0.379371
0.362757
0.343793
0.322587
0.299313
0.274200
0.247514
0.219542
0.190587
0.160939
0.130855
0.100562
0.070252
0.040073
0.010130
-0.019504
-0.048793
-0.077740
-0.106381
-0.134762
-0.162929
-0.190913
-0.218746
-0.246460
-0.274068
-0.301554
-0.328872
-0.355941
-0.382626
-0.408734
-0.434018
-0.458191
-0.480933
-0.501901
-0.520781
-0.537317
-0.551308
-0.562616
-0.571169
-0.576954
-0.580001
-0.580342
-0.578000
-0.572985
-0.565306
-0.554973
-0.541989
-0.526341
-0.508019
-0.487030
-0.463400
-0.437159
-0.408346
-0.377043
-0.343375
-0.307506
-0.269634
-0.230003
-0.188898
-0.146625
-0.103484
-0.059766
-0.015746
0.028324
0.072220
0.115743
0.158715
0.200950
0.242259
0.282463
0.321399
0.358927
0.394931
0.429310
0.461969
0.492831
0.521826
0.548888
0.573937
0.596884
0.617631
0.636073
0.652091
0.665565
0.676379
0.684425
0.689594
0.691772
0.690844
0.686704
0.679256
0.668429
0.654169
0.636452
0.615297
0.590783
0.563042
0.532246
0.498614
0.462415
0.423953
0.383523
0.341391
0.297784
0.252883
0.206826
0.159711
0.111623
0.062651
0.012912
-0.037439
-0.088209
-0.139171
-0.190066
-0.240621
-0.290561
-0.339615
-0.387512
-0.433978
-0.478744
-0.521534
-0.562068
-0.600077
-0.635322
-0.667598
-0.696724
-0.722567
-0.745048
-0.764129
-0.779797
-0.792049
-0.800903
-0.806391
-0.808536
-0.807337
-0.802767
-0.794772
-0.783269
-0.768136
-0.749225
-0.726397
-0.699553
-0.668651
-0.633707
-0.594825
-0.552196
-0.506081
-0.456778
-0.404585
-0.349787
-0.292647
-0.233396
-0.172237
-0.109368
-0.045006
0.020591
0.087111
0.154181
0.221372
0.288209
0.354176
0.418732
0.481331
0.541447
0.598602
0.652370
0.702383
0.748333
0.789969
0.827097
0.859565
0.887248
0.910060
0.927954
0.940898
0.948865
0.951835
0.949816
0.942836
0.930942
0.914197
0.892676
0.866482
0.835738
0.800562
0.761054
0.717305
0.669419
0.617531
0.561826
0.502553
0.440032
0.374654
0.306862
0.237138
0.165975
0.093870
0.021301
-0.051283
-0.123459
-0.194826
-0.265000
-0.333621
-0.400356
-0.464886
-0.526883
-0.586021
-0.641967
-0.694399
-0.743001
-0.787467
-0.827521
-0.862931
-0.893521
-0.919162
-0.939765
-0.955268
-0.965633
-0.970837
-0.970874
-0.965755
-0.955502
-0.940134
-0.919671
-0.894136
-0.863563
-0.828015
-0.787599
-0.742471
-0.692848
-0.639008
-0.581294
-0.520110
-0.455898
-0.389110
-0.320185
-0.249536
-0.177547
-0.104579
-0.030971
0.042958
0.116888
0.190479
0.263360
0.335122
0.405334
0.473564
0.539389
0.602392
0.662159
0.718289
0.770394
0.818101
0.861030
0.898799
0.931040
0.957420
0.977664
0.991571
0.999026
1.000000
0.994547
0.982788
0.964884
0.941015
0.911371
0.876146
0.835535
0.789730
0.738928
0.683342
0.623221
0.558859
0.490584
0.418772
0.343852
0.266300
0.186646
0.105458
0.023343
-0.059062
-0.141102
-0.222129
-0.301511
-0.378655
-0.453008
-0.524063
-0.591349
-0.654431
-0.712905
-0.766382
-0.814490
-0.856861
-0.893141
-0.923012
-0.946212
-0.962541
-0.971864
-0.974138
-0.969405
-0.957791
-0.939503
-0.914815
-0.884043
-0.847509
-0.805526
-0.758390
-0.706385
-0.649785
-0.588875
-0.523978
-0.455465
-0.383769
-0.309373
-0.232801
-0.154603
-0.075364
0.004313
0.083812
0.162524
0.239851
0.315215
0.388065
0.457885
0.524202
0.586578
0.644601
0.697875
0.746000
0.788573
0.825205
0.855542
0.879263
0.896090
0.905807
0.908266
0.903406
0.891241
0.871861
0.845442
0.812250
0.772634
0.727018
0.675900
0.619840
0.559431
0.495279
0.427995
0.358191
0.286464
0.213392
0.139534
0.065430
-0.008406
-0.081487
-0.153350
-0.223548
-0.291657
-0.357277
-0.420032
-0.479557
-0.535480
-0.587426
-0.635024
-0.677924
-0.715793
-0.748306
-0.775153
-0.796055
-0.810774
-0.819118
-0.820952
-0.816195
-0.804827
-0.786887
-0.762479
-0.731771
-0.694994
-0.652429
-0.604414
-0.551364
-0.493764
-0.432159
-0.367155
-0.299400
-0.229577
-0.158378
-0.086478
-0.014516
0.056915
0.127281
0.196114
0.262994
0.327543
0.389403
0.448227
0.503676
0.555409
0.603057
0.646229
0.684533
0.717588
0.745026
0.766491
0.781654
0.790223
0.791957
0.786673
0.774282
0.754806
0.728392
0.695299
0.655898
0.610661
0.560139
0.504936
0.445677
0.383001
0.317569
0.250049
0.181094
0.111344
0.041431
-0.028041
-0.096513
-0.163481
-0.228465
-0.290991
-0.350603
-0.406860
-0.459331
-0.507601
-0.551290
-0.590073
-0.623698
-0.651983
-0.674816
-0.692158
-0.704029
-0.710517
-0.711762
-0.707933
-0.699211
-0.685789
-0.667860
-0.645613
-0.619228
-0.588886
-0.554760
-0.517001
-0.475739
-0.431087
-0.383141
-0.332004
-0.277804
-0.220712
-0.160959
-0.098853
-0.034801
0.030694
0.097040
0.163576
0.229588
0.294341
0.357101
0.417172
0.473911
0.526738
0.575130
0.618631
0.656847
0.689438
0.716112
0.736616
0.750735
0.758316
0.759271
0.753586
0.741337
0.722687
0.697882
0.667229
0.631086
0.589846
0.543927
0.493758
0.439768
0.382384
0.322031
0.259133
0.194127
0.127461
0.059603
-0.008952
-0.077678
-0.146023
-0.213409
-0.279245
-0.342931
-0.403865
-0.461460
-0.515164
-0.564468
-0.608905
-0.648045
-0.681510
-0.708995
-0.730263
-0.745128
-0.753445
-0.755118
-0.750100
-0.738395
-0.720071
-0.695266
-0.664199
-0.627178
-0.584589
-0.536886
-0.484594
-0.428280
-0.368540
-0.305992
-0.241270
-0.175010
-0.107836
-0.040360
0.026824
0.093132
0.157999
0.220880
0.281258
0.338637
0.392554
0.442573
0.488295
0.529358
0.565442
0.596283
0.621668
0.641433
0.655471
0.663724
0.666181
0.662866
0.653845
0.639236
0.619200
0.593953
0.563755
0.528917
0.489792
0.446776
0.400297
0.350817
0.298821
0.244818
0.189338
0.132931
0.076145
0.019491
-0.036558
-0.091562
-0.145105
-0.196795
-0.246253
-0.293107
-0.336976
-0.377481
-0.414259
-0.446973
-0.475334
-0.499114
-0.518143
-0.532302
-0.541522
-0.545777
-0.545085
-0.539494
-0.529085
-0.513982
-0.494360
-0.470443
-0.442483
-0.410757
-0.375573
-0.337285
-0.296282
-0.252975
-0.207799
-0.161233
-0.113795
-0.066029
-0.018472
0.028337
0.073860
0.117580
0.159015
0.197732
0.233363
0.265605
0.294223
0.319043
0.339958
0.356923
0.369943
0.379070
0.384391
0.386008
0.384025
0.378549
0.369695
0.357590
0.342384
0.324251
0.303410
0.280127
0.254722
0.227564
0.199055
0.169617
0.139688
0.109694
0.080027
0.051033
0.023017
-0.003761
-0.029092
-0.052821
-0.074858
-0.095174
-0.113775
-0.130708
-0.146046
-0.159881
-0.172309
-0.183405
-0.193197
-0.201650
-0.208669
-0.214104
-0.217752
-0.219372
-0.218702
-0.215502
-0.209597
-0.200906
-0.189464
-0.175426
-0.159069
-0.140772
-0.120982
-0.100196
-0.078935
-0.057712
-0.037005
-0.017235
0.001236
0.018107
0.033155
0.046250
0.057357
0.066511
0.073806
0.079378
0.083386
0.085999
0.087380
0.087671
0.086963
0.085305
0.082731
0.079273
0.074979
0.069922
0.064202
0.057952
0.051336
0.044536
0.037751
0.031173
0.024976
0.019288
0.014192
0.009730
0.005909
0.002699
0.000048
-0.002097
-0.003785
-0.005044
-0.005874
-0.006267
-0.006201
-0.005652
-0.004601
-0.003046
-0.001009
0.001461
0.004297
0.007415
0.010714
0.014080
0.017401
0.020582
0.023544
0.026207
0.028489
0.030330
0.031695
0.032559
0.032895
0.032671
0.031863
0.030456
0.028440
0.025805
0.022547
0.018659
0.014140
0.008998
0.003247
-0.003099
-0.010013
-0.017449
-0.025348
-0.033638
-0.042232
-0.051025
-0.059888
-0.068668
-0.077196
-0.085301
-0.092795
-0.099477
-0.105141
-0.109596
-0.112677
-0.114256
-0.114239
-0.112567
-0.109225
-0.104235
-0.097649
-0.089543
-0.080016
-0.069190
-0.057198
-0.044177
-0.030271
-0.015637
-0.000428
0.015202
0.031086
0.047043
0.062883
0.078410
0.093428
0.107753
0.121208
0.133637
0.144900
0.154892
0.163546
0.170818
0.176672
0.181067
0.183956
0.185284
0.184973
0.182917
0.178991
0.173061
0.165007
0.154731
0.142173
0.127317
0.110201
0.090926
0.069657
0.046628
0.022141
-0.003437
-0.029691
-0.056172
-0.082414
-0.107965
-0.132409
-0.155384
-0.176597
-0.195829
-0.212924
-0.227769
-0.240266
-0.250327
-0.257866
-0.262795
-0.265026
-0.264477
-0.261075
-0.254762
-0.245507
-0.233321
-0.218274
-0.200486
-0.180121
-0.157406
-0.132623
-0.106098
-0.078177
-0.049209
-0.019549
0.010444
0.040419
0.070032
0.098943
0.126821
0.153362
0.178291
0.201371
0.222411
0.241272
0.257843
0.272030
0.283744
0.292889
0.299354
0.303016
0.303753
0.301447
0.296004
0.287353
0.275458
0.260335
0.242056
0.220747
0.196585
0.169803
0.140702
0.109627
0.076961
0.043117
0.008536
-0.026325
-0.061009
-0.095080
-0.128134
-0.159792
-0.189713
-0.217603
-0.243200
-0.266258
-0.286555
-0.303892
-0.318106
-0.329060
-0.336632
-0.340729
-0.341288
-0.338276
-0.331685
-0.321534
-0.307890
-0.290872
-0.270632
-0.247361
-0.221293
-0.192703
-0.161907
-0.129252
-0.095098
-0.059808
-0.023748
0.012713
0.049209
0.085373
0.120841
0.155254
0.188229
0.219360
0.248235
0.274459
0.297675
0.317576
0.333901
0.346439
0.355036
0.359600
0.360091
0.356512
0.348927
0.337461
0.322286
0.303615
0.281695
0.256792
0.229183
0.199151
0.166997
0.133038
0.097604
0.061043
0.023727
-0.013950
-0.051580
-0.088738
-0.124992
-0.159902
-0.193042
-0.224012
-0.252452
-0.278043
-0.300497
-0.319574
-0.335085
-0.346880
-0.354834
-0.358853
-0.358876
-0.354875
-0.346848
-0.334835
-0.318930
-0.299286
-0.276112
-0.249673
-0.220296
-0.188359
-0.154279
-0.118506
-0.081519
-0.043800
-0.005819
0.031979
0.069178
0.105398
0.140292
0.173542
0.204853
0.233933
0.260495
0.284267
0.304999
0.322441
0.336336
0.346437
0.352537
0.354466
0.352096
0.345359
0.334256
0.318876
0.299396
0.276059
0.249166
0.219090
0.186273
0.151210
0.114434
0.076501
0.037960
-0.000661
-0.038853
-0.076140
-0.112079
-0.146264
-0.178312
-0.207863
-0.234586
-0.258166
-0.278313
-0.294777
-0.307354
-0.315885
-0.320260
-0.320429
-0.316400
-0.308255
-0.296155
-0.280321
-0.261027
-0.238605
-0.213443
-0.185971
-0.156644
-0.125933
-0.094318
-0.062283
-0.030312
0.001132
0.031616
0.060735
0.088121
0.113449
0.136430
0.156819
0.174420
0.189100
0.200794
0.209489
0.215225
0.218084
0.218190
0.215693
0.210761
0.203572
0.194308
0.183162
0.170346
0.156083
0.140607
0.124162
0.106995
0.089351
0.071461
0.053533
0.035742
0.018228
0.001097
-0.015575
-0.031742
-0.047375
-0.062448
-0.076923
-0.090758
-0.103900
-0.116274
-0.127777
-0.138272
-0.147595
-0.155573
-0.162031
-0.166795
-0.169709
-0.170646
-0.169517
-0.166275
-0.160913
-0.153462
-0.143983
-0.132546
-0.119224
-0.104101
-0.087264
-0.068808
-0.048842
-0.027507
-0.004976
0.018540
0.042792
0.067479
0.092248
0.116694
0.140385
0.162885
0.183771
0.202628
0.219072
0.232778
0.243496
0.251023
0.255185
0.255832
0.252846
0.246155
0.235739
0.221619
0.203864
0.182620
0.158111
0.130637
0.100560
0.068306
0.034365
-0.000719
-0.036368
-0.071988
-0.106987
-0.140777
-0.172802
-0.202549
-0.229568
-0.253471
-0.273934
-0.290692
-0.303535
-0.312319
-0.316956
-0.317396
-0.313624
-0.305672
-0.293631
-0.277657
-0.257969
-0.234831
-0.208559
-0.179515
-0.148113
-0.114796
-0.080032
-0.044301
-0.008097
0.028072
0.063682
0.098202
0.131119
0.161952
0.190265
0.215674
0.237852
0.256533
0.271520
0.282691
0.289988
0.293421
0.293050
0.288986
0.281378
0.270419
0.256345
0.239417
0.219918
0.198140
0.174380
0.148943
0.122136
0.094270
0.065657
0.036600
0.007404
-0.021622
-0.050158
-0.077877
-0.104456
-0.129560
-0.152847
-0.173983
-0.192655
-0.208570
-0.221471
-0.231150
-0.237462
-0.240336
-0.239777
-0.235860
-0.228720
-0.218550
-0.205593
-0.190130
-0.172471
-0.152938
-0.131862
-0.109577
-0.086410
-0.062670
-0.038659
-0.014673
0.008992
0.032050
0.054231
0.075285
0.094989
0.113136
0.129541
0.144048
0.156524
0.166858
0.174955
0.180740
0.184159
0.185189
0.183832
0.180111
0.174071
0.165785
0.155360
0.142930
0.128665
0.112768
0.095483
0.077076
0.057830
0.038046
0.018038
-0.001869
-0.021359
-0.040126
-0.057879
-0.074347
-0.089291
-0.102509
-0.113840
-0.123162
-0.130398
-0.135508
-0.138497
-0.139399
-0.138280
-0.135232
-0.130372
-0.123843
-0.115805
-0.106439
-0.095935
-0.084494
-0.072318
-0.059614
-0.046579
-0.033400
-0.020255
-0.007307
0.005285
0.017380
0.028846
0.039563
0.049420
0.058317
0.066169
0.072905
0.078470
0.082823
0.085931
0.087776
0.088357
0.087682
0.085774
0.082672
0.078432
0.073129
0.066853
0.059713
0.051834
0.043353
0.034417
0.025179
0.015793
0.006414
-0.002813
-0.011745
-0.020247
-0.028196
-0.035477
-0.041992
-0.047654
-0.052386
-0.056127
-0.058835
-0.060484
-0.061068
-0.060601
-0.059116
-0.056666
-0.053324
-0.049179
-0.044328
-0.038878
-0.032943
-0.026645
-0.020105
-0.013444
-0.006783
-0.000243
0.006062
0.012022
0.017536
0.022514
0.026881
0.030574
0.033547
0.035771
0.037237
0.037951
0.037937
0.037233
0.035890
0.033972
0.031549
0.028698
0.025500
0.022035
0.018384
0.014628
0.010842
0.007097
0.003457
-0.000019
-0.003282
-0.006287
-0.009001
-0.011395
-0.013452
-0.015158
-0.016510
-0.017506
-0.018152
-0.018459
-0.018443
-0.018126
-0.017530
-0.016684
-0.015621
-0.014374
-0.012981
-0.011479
-0.009902
-0.008288
-0.006671
-0.005081
-0.003546
-0.002091
-0.000736
0.000503
0.001613
0.002586
0.003416
0.004103
0.004649
0.005058
0.005338
0.005498
0.005550
0.005504
0.005375
0.005174
0.004916
0.004614
0.004278
0.003922
0.003553
0.003182
0.002816
0.002462
0.002123
0.001804
0.001507
0.001234
0.000985
